A = [-4,1,0,1,0,0,0,0,0;
     1,-4,1,0,1,0,0,0,0;
     0,1,-4,0,0,1,0,0,0;
     1,0,0,-4,1,0,1,0,0;
     0,1,0,1,-4,1,0,1,0;
     0,0,1,0,1,-4,0,0,1;
     0,0,0,1,0,0,-4,1,0;
     0,0,0,0,1,0,1,-4,1;
     0,0,0,0,0,1,0,1,-4];
     
T = [-75,0,-50,-75,0,-50,-175,-100,-150]';

A^-1 * T